2.42951700000000
-0.0864632130000000
-0.899544600000000
1.07599690000000
0.988341510000000
-1.44040040000000
0.654882490000000
1.30154800000000
-2.07328820000000
0.809898140000000
0.455033240000000
0.903655050000000
-0.887741270000000
-1.26445220000000
1.09250520000000
0.159811380000000
1.31624230000000
0.239225580000000
-0.545440790000000
0.912339930000000
-0.0503434170000000
0.805549620000000
-0.492762770000000
-0.508623960000000
0.00276404740000000
0.647908810000000
0.486189990000000
-0.868133430000000
-0.719076400000000
1.23135460000000
1.10700230000000
0.199255180000000
-1.04946740000000
0.953275800000000
-0.686535480000000
-1.16280390000000
0.893104730000000
0.420294940000000
1.31511970000000
-0.759109910000000
0.632103920000000
0.00434664260000000
-0.415549870000000
-0.0844288470000000
-0.753257390000000
-0.869288090000000
1.10555080000000
-1.44941520000000
1.13214450000000
0.411614950000000
1.41143770000000
1.09237160000000
-0.00327915330000000
1.84810070000000
-1.90576420000000
-1.17559150000000
0.102308010000000
-0.769074380000000
-0.0836919100000000
-1.80348110000000
1.18096050000000
-0.589879690000000
1.57621590000000
1.82513140000000
-1.22074880000000
-0.565230610000000
0.155999210000000
-0.0289120320000000
-0.458829730000000
1.56704700000000
1.29345760000000
-0.936634180000000
0.632210140000000
0.116926890000000
0.158653290000000
0.0119791220000000
-0.147608300000000
1.35236100000000
0.147143070000000
-1.00191240000000
0.294682200000000
1.33407000000000
0.753706570000000
1.30372440000000
-1.84630490000000
-0.309287400000000
-1.11276030000000
0.374795650000000
1.01274870000000
-0.366982730000000
-0.291801300000000
-0.424592260000000
-0.950550790000000
0.128949580000000
-0.671102110000000
0.750640150000000
-1.20507100000000
0.0237184580000000
-0.640763040000000
0.387278940000000
1.33190360000000
-0.776936950000000
0.964025740000000
-0.383072020000000
-0.781880920000000
-0.181191300000000
0.546400610000000
-0.628477690000000
-2.40007640000000
-1.10074780000000
-0.127310920000000
1.25087920000000
0.0153403510000000
0.601325090000000
1.69542400000000
-1.58208940000000
0.437765780000000
0.765252770000000
0.768862550000000
-0.789360280000000
-0.540472570000000
1.31593540000000
1.34651040000000
-0.362432390000000
1.48561870000000
-0.562085270000000
0.204603300000000
0.700794640000000
-0.349908320000000
-0.330704810000000
0.512056470000000
0.462047430000000
-0.662954750000000
2.79282380000000
-0.801130830000000
-1.58583390000000
-1.27722540000000
0.953626280000000
0.197087060000000
-1.55933030000000
-1.27550980000000
1.60420510000000
0.137268300000000
-2.23166800000000
-2.06897660000000
0.900499760000000
0.266031620000000
-0.157848280000000
1.02669950000000
0.304084540000000
-0.146388200000000
-0.0468869580000000
-0.805559640000000
1.86197070000000
0.0748036650000000
0.333973650000000
0.150197120000000
-0.116288530000000
1.74044980000000
1.15263450000000
0.0176862180000000
-0.814068020000000
-0.413847150000000
0.387021900000000
0.393482770000000
0.0802122950000000
0.946410420000000
0.985719440000000
1.14081500000000
-1.08013870000000
-0.270082500000000
-0.692018690000000
-0.467243880000000
-0.116805840000000
0.999073150000000
-0.144486730000000
-0.518959280000000
-0.194781630000000
-0.659597930000000
1.21800420000000
2.60481480000000
0.902359010000000
-0.827128290000000
-0.307917390000000
-0.875175000000000
-0.319185110000000
-0.429928420000000
1.76093360000000
0.803708790000000
0.653462770000000
1.28828940000000
-0.139213140000000
-0.699748930000000
-0.379573970000000
0.744869470000000
-1.14816510000000
0.487944510000000
0.258579310000000
-1.50404350000000
-0.782654110000000
-0.563430490000000
0.610736310000000
-0.387698050000000
-1.27976860000000
-0.687699260000000
-2.33551570000000
0.964917000000000
-0.361122910000000
-0.374308080000000
0.471434920000000
-1.00577880000000
-0.581257280000000
0.992690620000000
2.01084420000000
-0.362780990000000
-0.637136640000000
-0.671113430000000
-1.13951210000000
-0.842205050000000
0.179622680000000
-0.0197523530000000
-0.752858100000000
-0.435591220000000
1.88466380000000
1.09300780000000
-0.785638630000000
-0.289335400000000
1.04886090000000
0.367328970000000
-0.413996160000000
-0.770359220000000
0.496995060000000
1.32795730000000
0.733395400000000
-0.0807485510000000
0.956149700000000
1.48563350000000
0.246084290000000
-0.840161440000000
0.308951170000000
1.59069980000000
0.312926860000000
-0.0807284410000000
-1.63809240000000
-0.948562800000000
-0.626437370000000
-0.194707840000000
-0.616558130000000
-0.286602380000000
0.828687790000000
-0.622125390000000
-0.261699200000000
0.991005960000000
-0.0578707640000000
-0.140028890000000
-0.181672770000000